100
6 1030071
3 1204
6 1102101
2 015
6 1112012
2 132
6 0030001
4 00001
6 0000006
6 7574248
2 601
2 039
6 5000001
6 0600101
6 2505001
4 12202
1 01
1 09
3 4401
4 63365
6 2101211
5 000301
6 7000021
2 121
2 001
6 1121101
4 50001
2 001
6 0000011
6 0000001
6 9990001
6 1210211
6 0112101
2 001
6 5000011
6 3004001
4 00481
6 0000009
1 37
6 9999999
6 3440008
0 1
6 0000001
6 0000051
0 3
6 0121211
0 1
5 000001
6 6090001
3 3947
6 1175254
6 0000001
6 8000001
6 0170001
4 12201
6 0009001
5 110011
3 2021
6 0000067
6 2221011
6 6002091
4 20301
1 01
6 5516667
6 3003964
0 1
6 3007001
0 1
1 71
6 4814272
6 0000001
6 1111111
2 401
6 3613906
5 564405
4 11121
0 8
6 6106436
1 01
6 0011012
6 7623827
6 6000301
1 22
6 0879682
6 2211212
6 0000001
1 21
6 0000001
6 7862663
1 22
6 7000001
6 0000001
3 0571
2 001
6 7059001
4 11111
6 4000401
6 2201212
6 3000001
6 5465623
